# Popt,x=df/f,xsigma
2.151020524064555239e-01 -8.223057522468846920e-05 7.013498650701104029e-08
4.117727180090113293e-01 -1.381986744126856032e-04 8.605369365645921447e-07
3.154797611868032092e-01 -1.115825644346988665e-04 3.965943310001971250e-06
2.512990454720185653e-03 -1.568727223132029544e-07 3.881852322368204058e-08
2.112598092446953991e-03 -4.276855331177157643e-08 3.842044963427663774e-08
9.464392835604096624e-03 -2.284900252046976864e-06 7.957931355256105436e-08
3.175280753249527365e-03 -3.918524383231152839e-07 4.554498178859684478e-08
6.453061572193665232e-03 -1.250748307302283347e-06 3.299471116891723851e-08
1.235318154027033842e-02 -3.231293032324425913e-06 3.276239735778043363e-08
1.574943446388808385e-02 -4.267917693671280340e-06 5.094346973569378390e-08
7.406413744921727660e-02 -2.235367039118911939e-05 1.511641720839267224e-08
