# Popt,Sxx (1/Hz),Sxxsigma
2.151020524064555239e-01 7.123236479762860031e-17 2.432945984054980485e-18
4.117727180090113293e-01 7.223864996000810517e-17 4.589010402586158615e-18
3.154797611868032092e-01 7.327941694787452525e-17 2.876144101334148078e-18
0.000000000000000000e+00 1.942259491322843229e-17 4.797612359076603158e-19
2.512990454720185653e-03 2.058592847919844045e-17 1.685925289560979985e-18
2.112598092446953991e-03 2.077544524296585469e-17 1.088867352205921901e-18
9.464392835604096624e-03 2.842828697388711104e-17 1.862666762412417590e-18
3.175280753249527365e-03 2.120750875788950478e-17 1.220549057258961453e-18
6.453061572193665232e-03 2.629952117721880251e-17 1.692510516936319324e-18
1.235318154027033842e-02 2.833767288530778947e-17 8.300373336546488924e-19
1.574943446388808385e-02 3.501117475201301914e-17 1.427044244581693043e-18
7.406413744921727660e-02 6.283000764882566119e-17 2.122717290638443721e-18
